1.0,10.0
1.084639498432602,10.0
1.1692789968652038,10.0
1.2539184952978055,10.0
1.3385579937304075,10.0
1.4231974921630095,10.0
1.5078369905956113,10.0
1.592476489028213,10.0
1.677115987460815,10.0
1.761755485893417,10.0
1.846394984326019,10.0
1.9310344827586206,10.0
2.0156739811912225,10.0
2.1003134796238245,10.0
2.184952978056426,10.0
2.269592476489028,10.0
2.35423197492163,10.0
2.438871473354232,10.0
2.523510971786834,10.0
2.6081504702194356,10.0
2.692789968652038,10.0
2.7774294670846396,10.0
2.862068965517241,10.0
2.946708463949843,10.0
3.031347962382445,10.0
3.115987460815047,10.0
3.200626959247649,10.0
3.2852664576802506,10.0
3.3699059561128526,10.0
3.454545454545454,10.0
3.539184952978056,10.0
3.6238244514106586,10.0
3.70846394984326,10.0
3.793103448275862,10.0
3.877742946708464,10.0
3.9623824451410656,10.0
4.047021943573668,10.0
4.131661442006269,10.0
4.216300940438871,10.0
4.300940438871473,10.0
4.385579937304076,10.0
4.470219435736677,10.0
4.554858934169279,10.0
4.639498432601881,10.0
4.724137931034482,10.0
4.808777429467085,10.0
4.893416927899686,10.0
4.978056426332288,10.0
5.06269592476489,10.0
5.147335423197492,10.0
5.231974921630094,10.0
5.316614420062696,10.0
5.401253918495298,10.0
5.485893416927899,10.0
5.570532915360501,10.0
5.655172413793104,10.0
5.739811912225705,10.0
5.824451410658307,10.0
5.909090909090908,10.0
5.993730407523511,10.0
6.078369905956112,10.0
6.163009404388715,10.0
6.247648902821317,10.0
6.332288401253918,10.0
6.41692789968652,10.0
6.501567398119122,10.0
6.586206896551724,10.0
6.670846394984325,10.0
6.755485893416928,10.0
6.84012539184953,10.0
6.924764890282131,10.0
7.009404388714734,10.0
7.094043887147335,10.0
7.178683385579937,10.0
7.263322884012539,10.0
7.347962382445141,10.0
7.432601880877742,10.0
7.517241379310345,10.0
7.601880877742947,10.0
7.686520376175548,10.0
7.771159874608151,10.0
7.855799373040752,10.0
7.940438871473354,10.0
8.025078369905955,10.0
8.109717868338558,10.0
8.19435736677116,10.0
8.278996865203762,10.0
8.363636363636363,10.0
8.448275862068964,10.0
8.532915360501567,10.0
8.61755485893417,10.0
8.702194357366771,10.0
8.786833855799372,10.0
8.871473354231975,10.0
8.956112852664576,10.0
9.04075235109718,10.0
9.12539184952978,10.0
9.210031347962381,10.0
9.294670846394984,10.0
9.379310344827585,10.0
9.463949843260188,10.0
9.54858934169279,10.0
9.633228840125392,10.0
9.717868338557993,10.0
9.802507836990596,10.0
9.887147335423197,10.0
9.971786833855798,10.0
9.971786833855798,9.949720670391061
9.887147335423197,9.949720670391061
9.802507836990596,9.949720670391061
9.717868338557993,9.949720670391061
9.633228840125392,9.949720670391061
9.54858934169279,9.949720670391061
9.463949843260188,9.949720670391061
9.379310344827585,9.949720670391061
9.238244514106583,9.949720670391061
9.15360501567398,9.949720670391061
9.068965517241379,9.949720670391061
8.984326018808776,9.949720670391061
8.899686520376175,9.949720670391061
8.815047021943574,9.949720670391061
8.730407523510973,9.949720670391061
8.64576802507837,9.949720670391061
8.561128526645769,9.949720670391061
8.476489028213166,9.949720670391061
8.391849529780565,9.949720670391061
8.307210031347964,9.949720670391061
8.222570532915359,9.949720670391061
8.137931034482758,9.949720670391061
8.053291536050157,9.949720670391061
7.968652037617555,9.949720670391061
7.884012539184953,9.949720670391061
7.799373040752351,9.949720670391061
7.714733542319749,9.949720670391061
7.630094043887147,9.949720670391061
7.545454545454546,9.949720670391061
7.460815047021943,9.949720670391061
7.376175548589342,9.949720670391061
7.29153605015674,9.949720670391061
7.206896551724139,9.949720670391061
7.122257053291536,9.949720670391061
7.037617554858934,9.949720670391061
6.952978056426332,9.949720670391061
6.86833855799373,9.949720670391061
6.783699059561129,9.949720670391061
6.699059561128527,9.949720670391061
6.614420062695925,9.949720670391061
6.529780564263323,9.949720670391061
6.445141065830722,9.949720670391061
6.360501567398119,9.949720670391061
6.275862068965517,9.949720670391061
6.191222570532916,9.949720670391061
6.106583072100313,9.949720670391061
6.021943573667712,9.949720670391061
5.93730407523511,9.949720670391061
5.852664576802508,9.949720670391061
5.768025078369906,9.949720670391061
5.683385579937305,9.949720670391061
5.598746081504702,9.949720670391061
5.5141065830721,9.949720670391061
5.429467084639499,9.949720670391061
5.344827586206897,9.949720670391061
5.260188087774295,9.949720670391061
5.175548589341693,9.949720670391061
5.090909090909091,9.949720670391061
5.006269592476489,9.949720670391061
4.921630094043888,9.949720670391061
4.836990595611285,9.949720670391061
4.752351097178684,9.949720670391061
4.667711598746082,9.949720670391061
4.58307210031348,9.949720670391061
4.498432601880877,9.949720670391061
4.413793103448276,9.949720670391061
4.329153605015674,9.949720670391061
4.244514106583072,9.949720670391061
4.159874608150471,9.949720670391061
4.075235109717868,9.949720670391061
3.9905956112852667,9.949720670391061
3.9059561128526648,9.949720670391061
3.8213166144200628,9.949720670391061
3.7366771159874608,9.949720670391061
3.652037617554859,9.949720670391061
3.567398119122257,9.949720670391061
3.4827586206896552,9.949720670391061
3.3981191222570533,9.949720670391061
3.3134796238244517,9.949720670391061
3.2288401253918493,9.949720670391061
3.1442006269592477,9.949720670391061
3.0595611285266457,9.949720670391061
2.9749216300940438,9.949720670391061
2.890282131661442,9.949720670391061
2.8056426332288398,9.949720670391061
2.7210031347962382,9.949720670391061
2.6363636363636367,9.949720670391061
2.5517241379310347,9.949720670391061
2.4670846394984327,9.949720670391061
2.3824451410658307,9.949720670391061
2.2978056426332287,9.949720670391061
2.2131661442006267,9.949720670391061
2.1285266457680247,9.949720670391061
2.043887147335423,9.949720670391061
1.9592476489028212,9.949720670391061
1.8746081504702192,9.949720670391061
1.7899686520376177,9.949720670391061
1.7053291536050157,9.949720670391061
1.6206896551724137,9.949720670391061
1.536050156739812,9.949720670391061
1.45141065830721,9.949720670391061
1.3667711598746082,9.949720670391061
1.2821316614420062,9.949720670391061
1.1974921630094044,9.949720670391061
1.1128526645768024,9.949720670391061
1.0282131661442007,9.949720670391061
1.0282131661442007,9.899441340782124
1.0,9.798882681564246
1.0,9.748603351955307
1.0282131661442007,9.64804469273743
1.0282131661442007,9.597765363128492
1.0,9.497206703910614
1.0,9.446927374301676
1.0282131661442007,9.346368715083798
1.0282131661442007,9.29608938547486
1.0,9.195530726256983
1.0,9.145251396648046
1.0282131661442007,9.044692737430168
1.0282131661442007,8.994413407821229
1.0,8.893854748603353
1.0,8.843575418994412
1.0282131661442007,8.743016759776536
1.0282131661442007,8.692737430167599
1.0,8.59217877094972
1.0,8.541899441340782
1.0,8.391061452513966
1.0,8.34078212290503
1.0282131661442007,8.240223463687151
1.0282131661442007,8.189944134078212
1.0282131661442007,8.089385474860336
1.0,7.988826815642458
1.0,7.938547486033519
1.0282131661442007,7.837988826815642
1.0282131661442007,7.787709497206704
1.0,7.687150837988826
1.0,7.636871508379889
1.0282131661442007,7.5363128491620115
1.0282131661442007,7.4860335195530725
1.0,7.385474860335195
1.0,7.335195530726257
1.0282131661442007,7.234636871508379
1.0282131661442007,7.184357541899441
1.0,7.083798882681564
1.0,7.033519553072625
1.0282131661442007,6.93296089385475
1.0282131661442007,6.882681564245811
1.0,6.782122905027933
1.0,6.731843575418995
1.0282131661442007,6.631284916201118
1.0282131661442007,6.581005586592179
1.0,6.480446927374302
1.0,6.430167597765363
1.0282131661442007,6.329608938547485
1.0,6.229050279329609
1.0,6.17877094972067
1.0282131661442007,6.078212290502793
1.0282131661442007,6.027932960893855
1.0,5.927374301675977
1.0,5.877094972067038
1.0282131661442007,5.776536312849163
1.0282131661442007,5.726256983240224
1.0,5.625698324022347
1.0,5.5754189944134085
1.0282131661442007,5.4748603351955305
1.0282131661442007,5.424581005586592
1.0,5.324022346368715
1.0,5.273743016759776
1.0282131661442007,5.173184357541899
1.0282131661442007,5.12290502793296
1.0,5.022346368715084
1.0,4.972067039106145
1.0282131661442007,4.871508379888269
1.0282131661442007,4.82122905027933
1.0,4.720670391061453
1.0,4.670391061452514
1.0282131661442007,4.569832402234637
1.0282131661442007,4.5195530726256985
1.0,4.418994413407821
1.0,4.368715083798882
1.0282131661442007,4.268156424581006
1.0282131661442007,4.217877094972067
1.0,4.117318435754189
1.0,4.067039106145252
1.0282131661442007,3.966480446927375
1.0282131661442007,3.916201117318436
1.0,3.815642458100559
1.0,3.76536312849162
1.0282131661442007,3.6648044692737427
1.0282131661442007,3.6145251396648046
1.0,3.5139664804469275
1.0,3.4636871508379885
1.0,3.363128491620112
1.0,3.2122905027932958
1.0282131661442007,3.1117318435754187
1.0,3.011173184357542
1.0,2.960893854748604
1.0282131661442007,2.860335195530726
1.0282131661442007,2.810055865921788
1.0,2.7094972067039107
1.0,2.6592178770949717
1.0282131661442007,2.5586592178770946
1.0282131661442007,2.508379888268157
1.0,2.407821229050279
1.0,2.357541899441341
1.0282131661442007,2.2569832402234637
1.0282131661442007,2.2067039106145248
1.0,2.106145251396648
1.0,2.05586592178771
1.0282131661442007,1.955307262569833
1.0282131661442007,1.905027932960894
1.0,1.8044692737430168
1.0,1.70391061452514
1.0282131661442007,1.603351955307263
1.0,1.502793296089386
1.0,1.402234636871508
1.0,1.251396648044693
1.0282131661442007,1.150837988826816
1.0,1.050279329608939
1.084639498432602,1.050279329608939
1.0282131661442007,1.0
1.141065830721003,1.0
1.225705329153605,1.0
1.3103448275862069,1.0
1.3949843260188088,1.0
1.4796238244514106,1.0
1.5642633228840124,1.0
1.6489028213166144,1.0
1.7335423197492164,1.0
1.8181818181818183,1.0
1.9028213166144199,1.0
1.9874608150470219,1.0
2.072100313479624,1.0
2.156739811912226,1.0
2.2413793103448274,1.0
2.3260188087774294,1.0
2.4106583072100314,1.0
2.4952978056426334,1.0
2.5799373040752354,1.0
2.664576802507837,1.0
2.7492163009404385,1.0
2.833855799373041,1.0
2.9184952978056424,1.0
3.0031347962382444,1.0
3.0877742946708464,1.0
3.1724137931034484,1.0
3.25705329153605,1.0
3.3416927899686524,1.0
3.25705329153605,1.100558659217877
3.1724137931034484,1.100558659217877
3.115987460815047,1.251396648044693
3.115987460815047,1.402234636871508
3.0877742946708464,1.502793296089386
3.0877742946708464,1.653631284916201
3.0595611285266457,1.7541899441340778
3.031347962382445,1.854748603351955
3.031347962382445,2.005586592178771
3.0031347962382444,2.106145251396648
3.0031347962382444,2.2569832402234637
3.0031347962382444,2.407821229050279
3.0031347962382444,2.5586592178770946
3.0031347962382444,2.7094972067039107
3.031347962382445,2.810055865921788
3.031347962382445,2.960893854748604
3.0595611285266457,3.061452513966481
3.0877742946708464,3.1620111731843576
3.0877742946708464,3.312849162011173
3.0877742946708464,3.4636871508379885
3.0877742946708464,3.6145251396648046
3.0877742946708464,3.76536312849162
3.0877742946708464,3.916201117318436
3.0877742946708464,4.067039106145252
3.0877742946708464,4.217877094972067
3.0877742946708464,4.368715083798882
3.0877742946708464,4.5195530726256985
3.0877742946708464,4.670391061452514
3.0877742946708464,4.82122905027933
3.115987460815047,4.921787709497206
3.115987460815047,5.072625698324023
3.115987460815047,5.223463687150837
3.115987460815047,5.374301675977653
3.115987460815047,5.5251396648044695
3.115987460815047,5.675977653631285
3.115987460815047,5.826815642458101
3.115987460815047,5.977653631284916
3.115987460815047,6.128491620111731
3.115987460815047,6.279329608938547
3.0595611285266457,6.329608938547485
3.031347962382445,6.430167597765363
3.0031347962382444,6.5307262569832405
2.9749216300940438,6.631284916201118
2.946708463949843,6.731843575418995
2.9184952978056424,6.832402234636872
2.9184952978056424,6.983240223463687
2.9184952978056424,7.134078212290503
2.9184952978056424,7.284916201117318
2.9184952978056424,7.435754189944134
2.9184952978056424,7.5865921787709505
2.9184952978056424,7.737430167597765
2.9184952978056424,7.888268156424581
2.9184952978056424,8.039106145251397
2.9184952978056424,8.189944134078212
2.9184952978056424,8.34078212290503
2.9184952978056424,8.491620111731844
2.9749216300940438,8.541899441340782
3.0031347962382444,8.64245810055866
3.0595611285266457,8.692737430167599
3.1442006269592477,8.692737430167599
3.200626959247649,8.64245810055866
3.115987460815047,8.64245810055866
3.0595611285266457,8.59217877094972
3.0031347962382444,8.541899441340782
2.9749216300940438,8.441340782122905
2.946708463949843,8.34078212290503
2.890282131661442,8.34078212290503
2.890282131661442,8.189944134078212
2.890282131661442,8.139664804469273
2.862068965517241,8.039106145251397
2.862068965517241,7.988826815642458
2.862068965517241,7.938547486033519
2.862068965517241,7.888268156424581
2.890282131661442,7.787709497206704
2.890282131661442,7.737430167597765
2.862068965517241,7.636871508379889
2.862068965517241,7.5865921787709505
2.890282131661442,7.435754189944134
2.890282131661442,7.284916201117318
2.890282131661442,7.134078212290503
2.890282131661442,7.033519553072625
2.890282131661442,6.882681564245811
2.890282131661442,6.731843575418995
2.946708463949843,6.631284916201118
2.946708463949843,6.5307262569832405
2.9749216300940438,6.480446927374302
2.9749216300940438,6.430167597765363
3.031347962382445,6.329608938547485
3.0595611285266457,6.229050279329609
3.0877742946708464,6.128491620111731
3.1442006269592477,6.229050279329609
3.1724137931034484,6.027932960893855
3.1724137931034484,5.977653631284916
3.1442006269592477,5.877094972067038
3.1442006269592477,5.826815642458101
3.1724137931034484,5.726256983240224
3.1724137931034484,5.675977653631285
3.1442006269592477,5.5754189944134085
3.1442006269592477,5.5251396648044695
3.1724137931034484,5.424581005586592
3.1724137931034484,5.374301675977653
3.1442006269592477,5.273743016759776
3.1442006269592477,5.173184357541899
3.1724137931034484,5.072625698324023
3.1724137931034484,5.022346368715084
3.1442006269592477,4.921787709497206
3.115987460815047,4.871508379888269
3.115987460815047,4.770949720670391
3.115987460815047,4.620111731843576
3.0595611285266457,4.620111731843576
3.0595611285266457,4.770949720670391
3.031347962382445,4.4692737430167595
3.031347962382445,4.418994413407821
3.0595611285266457,4.318435754189945
3.0595611285266457,4.268156424581006
3.031347962382445,4.167597765363128
3.031347962382445,4.117318435754189
3.0595611285266457,4.016759776536313
3.0595611285266457,3.966480446927375
3.031347962382445,3.865921787709498
3.031347962382445,3.815642458100559
3.0595611285266457,3.6648044692737427
3.0595611285266457,3.5139664804469275
3.0595611285266457,3.363128491620112
3.115987460815047,3.4636871508379885
3.115987460815047,3.6145251396648046
3.115987460815047,3.76536312849162
3.1442006269592477,3.6648044692737427
3.1442006269592477,3.5139664804469275
3.115987460815047,3.2625698324022347
3.115987460815047,3.2122905027932958
3.115987460815047,3.1117318435754187
3.115987460815047,3.061452513966481
3.0877742946708464,2.960893854748604
3.0877742946708464,2.910614525139665
3.0595611285266457,2.810055865921788
3.031347962382445,2.7094972067039107
3.0595611285266457,2.6089385474860336
3.0595611285266457,2.5586592178770946
3.031347962382445,2.458100558659218
2.9749216300940438,2.357541899441341
2.9749216300940438,2.307262569832402
2.9749216300940438,2.156424581005587
2.9749216300940438,2.005586592178771
3.0031347962382444,1.854748603351955
3.0595611285266457,1.553072625698324
3.0877742946708464,1.3519553072625698
None,None
3.567398119122257,1.050279329608939
3.6238244514106586,1.0
3.70846394984326,1.0
3.793103448275862,1.0
3.9623824451410656,1.0
4.047021943573668,1.0
4.159874608150471,1.100558659217877
4.159874608150471,1.251396648044693
4.103448275862069,1.3016759776536309
4.047021943573668,1.3519553072625698
4.047021943573668,1.502793296089386
4.131661442006269,1.502793296089386
4.075235109717868,1.452513966480447
4.159874608150471,1.452513966480447
4.244514106583072,1.452513966480447
4.1880877742946705,1.402234636871508
4.216300940438871,1.3519553072625698
4.272727272727273,1.402234636871508
4.3573667711598745,1.402234636871508
4.4420062695924765,1.402234636871508
4.4420062695924765,1.3519553072625698
4.3573667711598745,1.3519553072625698
4.300940438871473,1.3016759776536309
4.216300940438871,1.3016759776536309
4.216300940438871,1.201117318435754
4.1880877742946705,1.100558659217877
4.244514106583072,1.150837988826816
4.1880877742946705,1.050279329608939
4.244514106583072,1.0
4.300940438871473,1.050279329608939
4.300940438871473,1.0
4.413793103448276,1.0
4.470219435736677,1.0
4.554858934169279,1.0
4.6112852664576796,1.050279329608939
4.6112852664576796,1.201117318435754
4.58307210031348,1.3016759776536309
4.5266457680250785,1.3519553072625698
4.470219435736677,1.3016759776536309
4.385579937304076,1.3016759776536309
None,None
4.413793103448276,1.553072625698324
4.470219435736677,1.603351955307263
4.554858934169279,1.603351955307263
4.639498432601881,1.603351955307263
4.695924764890282,1.653631284916201
4.695924764890282,1.8044692737430168
4.695924764890282,1.955307262569833
4.639498432601881,1.905027932960894
4.58307210031348,1.854748603351955
4.5266457680250785,1.8044692737430168
4.470219435736677,1.7541899441340778
4.498432601880877,1.70391061452514
4.554858934169279,1.7541899441340778
4.6112852664576796,1.8044692737430168
4.667711598746082,1.854748603351955
4.724137931034482,1.854748603351955
4.752351097178684,1.7541899441340778
4.752351097178684,1.70391061452514
4.724137931034482,1.603351955307263
4.724137931034482,1.553072625698324
4.639498432601881,1.553072625698324
4.554858934169279,1.553072625698324
4.470219435736677,1.553072625698324
4.58307210031348,1.502793296089386
4.667711598746082,1.502793296089386
None,None
4.667711598746082,1.8044692737430168
None,None
4.5266457680250785,1.3016759776536309
4.58307210031348,1.251396648044693
4.639498432601881,1.150837988826816
4.639498432601881,1.0
4.724137931034482,1.0
4.808777429467085,1.0
4.978056426332288,1.0
None,None
5.2037617554858935,1.0
5.344827586206897,1.0
5.429467084639499,1.0
5.429467084639499,1.150837988826816
5.401253918495298,1.251396648044693
5.373040752351097,1.3519553072625698
5.316614420062696,1.402234636871508
5.2884012539184955,1.502793296089386
5.2884012539184955,1.653631284916201
5.2884012539184955,1.8044692737430168
5.2884012539184955,1.955307262569833
5.2884012539184955,2.106145251396648
5.316614420062696,2.2067039106145248
5.316614420062696,2.357541899441341
5.344827586206897,2.357541899441341
5.401253918495298,2.458100558659218
5.401253918495298,2.6089385474860336
5.429467084639499,2.458100558659218
5.457680250783699,2.357541899441341
5.457680250783699,2.2569832402234637
5.5141065830721,2.2067039106145248
5.5423197492163006,2.307262569832402
5.5423197492163006,2.458100558659218
5.5423197492163006,2.6089385474860336
5.5141065830721,2.7094972067039107
5.457680250783699,2.759776536312849
5.429467084639499,2.860335195530726
5.401253918495298,2.960893854748604
5.373040752351097,3.061452513966481
5.344827586206897,3.1620111731843576
5.344827586206897,3.312849162011173
5.344827586206897,3.4636871508379885
5.316614420062696,3.5642458100558656
5.2884012539184955,3.6648044692737427
5.2884012539184955,3.815642458100559
5.260188087774295,3.916201117318436
5.231974921630094,4.016759776536313
5.175548589341693,4.067039106145252
5.147335423197492,4.167597765363128
5.090909090909091,4.217877094972067
5.0344827586206895,4.268156424581006
4.978056426332288,4.318435754189945
4.921630094043888,4.368715083798882
4.921630094043888,4.5195530726256985
4.893416927899686,4.620111731843576
4.865203761755486,4.720670391061453
4.808777429467085,4.82122905027933
4.780564263322884,5.022346368715084
4.780564263322884,5.173184357541899
4.780564263322884,5.324022346368715
4.808777429467085,5.424581005586592
4.808777429467085,5.5754189944134085
4.836990595611285,5.675977653631285
4.836990595611285,5.826815642458101
4.836990595611285,5.977653631284916
4.808777429467085,6.078212290502793
4.808777429467085,6.229050279329609
4.836990595611285,6.329608938547485
4.865203761755486,6.430167597765363
4.865203761755486,6.581005586592179
4.893416927899686,6.681564245810057
4.921630094043888,6.782122905027933
4.893416927899686,6.882681564245811
4.836990595611285,6.93296089385475
4.808777429467085,7.033519553072625
4.836990595611285,7.134078212290503
4.893416927899686,7.033519553072625
4.9498432601880875,6.983240223463687
4.9498432601880875,7.134078212290503
4.9498432601880875,7.284916201117318
4.9498432601880875,7.435754189944134
4.9498432601880875,7.5865921787709505
4.9498432601880875,7.737430167597765
4.9498432601880875,7.888268156424581
4.9498432601880875,8.039106145251397
4.9498432601880875,8.189944134078212
4.9498432601880875,8.34078212290503
4.921630094043888,8.441340782122905
4.893416927899686,8.541899441340782
4.836990595611285,8.59217877094972
4.808777429467085,8.692737430167599
4.752351097178684,8.743016759776536
4.667711598746082,8.743016759776536
4.58307210031348,8.743016759776536
4.554858934169279,8.64245810055866
4.498432601880877,8.59217877094972
4.554858934169279,8.541899441340782
4.58307210031348,8.64245810055866
4.639498432601881,8.692737430167599
4.724137931034482,8.692737430167599
4.667711598746082,8.64245810055866
4.780564263322884,8.64245810055866
4.808777429467085,8.59217877094972
4.836990595611285,8.491620111731844
4.893416927899686,8.441340782122905
4.865203761755486,8.34078212290503
4.921630094043888,8.290502793296088
4.893416927899686,8.189944134078212
4.921630094043888,8.089385474860336
4.921630094043888,7.938547486033519
4.921630094043888,7.787709497206704
4.893416927899686,7.687150837988826
4.893416927899686,7.636871508379889
4.921630094043888,7.5363128491620115
4.921630094043888,7.4860335195530725
4.893416927899686,7.385474860335195
4.893416927899686,7.335195530726257
4.978056426332288,7.234636871508379
4.978056426332288,7.184357541899441
5.006269592476489,7.083798882681564
5.006269592476489,7.033519553072625
4.978056426332288,6.93296089385475
4.978056426332288,6.882681564245811
4.978056426332288,6.832402234636872
4.978056426332288,6.782122905027933
4.9498432601880875,6.681564245810057
4.9498432601880875,6.631284916201118
4.893416927899686,6.5307262569832405
4.893416927899686,6.480446927374302
4.865203761755486,6.379888268156424
4.780564263322884,6.279329608938547
4.780564263322884,6.229050279329609
4.752351097178684,6.128491620111731
4.752351097178684,6.078212290502793
4.808777429467085,5.927374301675977
4.808777429467085,5.776536312849163
4.865203761755486,5.776536312849163
4.865203761755486,5.625698324022347
4.836990595611285,5.5251396648044695
4.836990595611285,5.4748603351955305
4.836990595611285,5.324022346368715
4.808777429467085,5.223463687150837
4.808777429467085,5.173184357541899
4.808777429467085,5.022346368715084
4.752351097178684,5.12290502793296
4.695924764890282,5.273743016759776
4.724137931034482,4.972067039106145
4.724137931034482,4.921787709497206
4.724137931034482,4.82122905027933
4.724137931034482,4.770949720670391
4.667711598746082,4.720670391061453
4.724137931034482,4.670391061452514
4.667711598746082,4.569832402234637
4.6112852664576796,4.5195530726256985
4.639498432601881,4.418994413407821
4.554858934169279,4.418994413407821
4.5266457680250785,4.318435754189945
4.498432601880877,4.217877094972067
4.413793103448276,4.217877094972067
4.413793103448276,4.167597765363128
4.3573667711598745,4.067039106145252
4.3573667711598745,4.016759776536313
4.3573667711598745,3.966480446927375
4.329153605015674,3.865921787709498
4.272727272727273,3.815642458100559
4.272727272727273,3.76536312849162
4.244514106583072,3.6648044692737427
4.131661442006269,3.6145251396648046
4.103448275862069,3.6145251396648046
4.047021943573668,3.5642458100558656
3.9623824451410656,3.5642458100558656
3.9059561128526648,3.6145251396648046
3.8495297805642634,3.6648044692737427
3.7366771159874608,3.6145251396648046
3.6802507836990594,3.6648044692737427
3.6238244514106586,3.7150837988826817
3.567398119122257,3.76536312849162
3.595611285266458,3.916201117318436
3.652037617554859,3.865921787709498
3.793103448275862,3.865921787709498
3.8495297805642634,3.916201117318436
3.877742946708464,4.016759776536313
3.934169278996865,4.067039106145252
3.9905956112852667,4.117318435754189
4.047021943573668,4.167597765363128
4.131661442006269,4.167597765363128
4.075235109717868,4.117318435754189
4.0188087774294665,4.067039106145252
3.9623824451410656,4.016759776536313
3.9059561128526648,3.966480446927375
3.877742946708464,3.865921787709498
3.934169278996865,3.815642458100559
3.934169278996865,3.76536312849162
3.9905956112852667,3.815642458100559
4.047021943573668,3.76536312849162
4.103448275862069,3.815642458100559
4.047021943573668,3.7150837988826817
3.934169278996865,3.5642458100558656
3.7366771159874608,3.5642458100558656
3.7648902821316614,3.413407821229051
3.7366771159874608,3.312849162011173
3.7366771159874608,3.2625698324022347
3.793103448275862,3.2122905027932958
3.8213166144200628,3.1620111731843576
3.7648902821316614,3.1117318435754187
3.8495297805642634,3.1117318435754187
3.793103448275862,3.061452513966481
3.877742946708464,3.011173184357542
3.9059561128526648,2.960893854748604
3.8213166144200628,2.960893854748604
3.9059561128526648,2.910614525139665
3.8495297805642634,2.860335195530726
3.8213166144200628,2.759776536312849
3.877742946708464,2.810055865921788
3.9059561128526648,2.7094972067039107
3.8213166144200628,2.7094972067039107
3.9059561128526648,2.6592178770949717
3.9059561128526648,2.6089385474860336
3.9059561128526648,2.5586592178770946
3.9623824451410656,2.508379888268157
3.877742946708464,2.508379888268157
3.934169278996865,2.458100558659218
3.934169278996865,2.407821229050279
3.9059561128526648,2.357541899441341
3.9623824451410656,2.307262569832402
3.934169278996865,2.2569832402234637
3.9905956112852667,2.307262569832402
3.934169278996865,2.2067039106145248
3.9905956112852667,2.156424581005587
3.934169278996865,2.05586592178771
3.934169278996865,2.005586592178771
3.934169278996865,1.955307262569833
3.9905956112852667,1.955307262569833
3.9905956112852667,1.854748603351955
4.047021943573668,1.854748603351955
4.103448275862069,1.7541899441340778
None,None
4.047021943573668,1.3016759776536309
4.131661442006269,1.201117318435754
None,None
3.7366771159874608,1.854748603351955
3.7366771159874608,2.005586592178771
3.6802507836990594,2.05586592178771
3.6238244514106586,2.005586592178771
3.70846394984326,1.955307262569833
3.652037617554859,1.905027932960894
3.595611285266458,1.955307262569833
3.6802507836990594,1.854748603351955
None,None
4.216300940438871,2.407821229050279
4.272727272727273,2.458100558659218
4.300940438871473,2.5586592178770946
4.329153605015674,2.6592178770949717
4.329153605015674,2.810055865921788
4.329153605015674,2.960893854748604
4.329153605015674,3.1117318435754187
4.329153605015674,3.2625698324022347
4.3573667711598745,3.363128491620112
4.385579937304076,3.4636871508379885
4.413793103448276,3.5642458100558656
4.413793103448276,3.7150837988826817
4.470219435736677,3.76536312849162
4.498432601880877,3.815642458100559
4.554858934169279,3.865921787709498
4.58307210031348,3.966480446927375
4.6112852664576796,4.067039106145252
4.6112852664576796,4.217877094972067
4.58307210031348,4.318435754189945
4.5266457680250785,4.217877094972067
4.639498432601881,4.067039106145252
4.639498432601881,3.966480446927375
4.58307210031348,3.916201117318436
4.4420062695924765,3.6648044692737427
4.385579937304076,3.6648044692737427
None,None
4.413793103448276,3.413407821229051
4.385579937304076,3.312849162011173
4.3573667711598745,3.2122905027932958
4.3573667711598745,3.061452513966481
4.385579937304076,2.960893854748604
4.3573667711598745,2.860335195530726
4.3573667711598745,2.810055865921788
4.385579937304076,2.7094972067039107
4.385579937304076,2.6592178770949717
4.3573667711598745,2.5586592178770946
4.300940438871473,2.508379888268157
4.329153605015674,2.407821229050279
4.272727272727273,2.357541899441341
4.300940438871473,2.307262569832402
4.272727272727273,2.2569832402234637
4.329153605015674,2.156424581005587
None,None
4.3573667711598745,2.508379888268157
None,None
4.300940438871473,2.960893854748604
4.300940438871473,3.1117318435754187
4.159874608150471,3.1117318435754187
None,None
4.0188087774294665,3.1117318435754187
4.0188087774294665,3.2625698324022347
3.9623824451410656,3.2625698324022347
3.9059561128526648,3.2122905027932958
3.9905956112852667,3.1620111731843576
None,None
4.103448275862069,3.5642458100558656
4.1880877742946705,3.865921787709498
4.1880877742946705,4.016759776536313
4.159874608150471,4.117318435754189
4.075235109717868,4.067039106145252
4.131661442006269,3.916201117318436
4.159874608150471,4.016759776536313
4.159874608150471,3.865921787709498
None,None
4.047021943573668,4.5195530726256985
4.075235109717868,4.620111731843576
3.9905956112852667,4.620111731843576
None,None
3.9905956112852667,5.223463687150837
3.9905956112852667,5.374301675977653
4.103448275862069,5.273743016759776
None,None
4.103448275862069,5.5754189944134085
4.103448275862069,5.726256983240224
4.103448275862069,5.877094972067038
4.047021943573668,5.927374301675977
4.075235109717868,5.826815642458101
4.159874608150471,5.776536312849163
4.1880877742946705,5.877094972067038
4.1880877742946705,6.027932960893855
4.131661442006269,6.078212290502793
4.075235109717868,6.027932960893855
4.159874608150471,5.977653631284916
4.216300940438871,5.977653631284916
4.216300940438871,5.826815642458101
None,None
3.9905956112852667,5.5754189944134085
3.9059561128526648,5.5251396648044695
3.877742946708464,5.625698324022347
3.934169278996865,5.424581005586592
None,None
3.8495297805642634,5.877094972067038
None,None
3.9059561128526648,6.128491620111731
None,None
3.70846394984326,6.078212290502793
None,None
3.567398119122257,5.977653631284916
3.510971786833856,5.927374301675977
3.454545454545454,5.877094972067038
3.4827586206896552,5.826815642458101
3.4827586206896552,6.027932960893855
3.426332288401254,5.977653631284916
None,None
3.0877742946708464,5.625698324022347
3.0877742946708464,5.4748603351955305
3.0877742946708464,5.324022346368715
3.0877742946708464,5.173184357541899
None,None
3.2288401253918493,4.620111731843576
3.25705329153605,4.5195530726256985
3.200626959247649,4.418994413407821
3.1724137931034484,4.5195530726256985
3.200626959247649,4.318435754189945
3.25705329153605,4.167597765363128
3.3134796238244517,4.117318435754189
3.3134796238244517,4.067039106145252
3.2852664576802506,4.268156424581006
None,None
3.6802507836990594,3.6145251396648046
None,None
4.498432601880877,4.720670391061453
None,None
4.667711598746082,4.5195530726256985
4.752351097178684,4.569832402234637
4.780564263322884,4.670391061452514
4.808777429467085,4.620111731843576
4.724137931034482,4.4692737430167595
4.724137931034482,4.368715083798882
4.667711598746082,4.418994413407821
4.667711598746082,4.318435754189945
None,None
4.865203761755486,4.418994413407821
4.865203761755486,4.569832402234637
4.893416927899686,4.4692737430167595
4.893416927899686,4.318435754189945
4.978056426332288,4.268156424581006
5.0344827586206895,4.167597765363128
5.1191222570532915,4.117318435754189
5.2037617554858935,3.966480446927375
5.231974921630094,3.865921787709498
5.260188087774295,3.76536312849162
5.231974921630094,3.6648044692737427
5.2884012539184955,3.6145251396648046
5.260188087774295,3.5139664804469275
5.260188087774295,3.4636871508379885
5.316614420062696,3.413407821229051
5.260188087774295,3.363128491620112
5.316614420062696,3.312849162011173
5.2884012539184955,3.2122905027932958
5.2884012539184955,3.1620111731843576
5.316614420062696,3.061452513966481
5.316614420062696,3.011173184357542
5.373040752351097,3.011173184357542
5.344827586206897,2.860335195530726
5.401253918495298,2.810055865921788
5.401253918495298,2.759776536312849
5.429467084639499,2.7094972067039107
5.485893416927899,2.6592178770949717
5.570532915360501,2.5586592178770946
5.598746081504702,2.458100558659218
5.570532915360501,2.357541899441341
5.570532915360501,2.307262569832402
5.5423197492163006,2.156424581005587
5.457680250783699,2.156424581005587
5.401253918495298,2.106145251396648
5.316614420062696,2.106145251396648
5.344827586206897,2.05586592178771
5.429467084639499,2.05586592178771
5.485893416927899,2.106145251396648
5.373040752351097,2.005586592178771
5.316614420062696,1.955307262569833
5.316614420062696,1.8044692737430168
5.316614420062696,1.653631284916201
5.260188087774295,1.553072625698324
5.2037617554858935,1.502793296089386
5.260188087774295,1.502793296089386
5.260188087774295,1.3519553072625698
5.316614420062696,1.3016759776536309
5.344827586206897,1.251396648044693
5.373040752351097,1.201117318435754
5.401253918495298,1.150837988826816
5.485893416927899,1.100558659217877
5.457680250783699,1.0
5.5141065830721,1.050279329608939
5.598746081504702,1.050279329608939
5.683385579937305,1.050279329608939
5.768025078369906,1.050279329608939
5.852664576802508,1.050279329608939
5.93730407523511,1.050279329608939
6.021943573667712,1.050279329608939
6.106583072100313,1.050279329608939
6.191222570532916,1.050279329608939
6.275862068965517,1.050279329608939
6.360501567398119,1.050279329608939
6.445141065830722,1.050279329608939
6.529780564263323,1.050279329608939
6.614420062695925,1.050279329608939
6.699059561128527,1.050279329608939
6.783699059561129,1.050279329608939
6.86833855799373,1.050279329608939
6.952978056426332,1.050279329608939
7.037617554858934,1.050279329608939
7.122257053291536,1.050279329608939
7.206896551724139,1.050279329608939
7.29153605015674,1.050279329608939
7.376175548589342,1.050279329608939
7.460815047021943,1.050279329608939
7.545454545454546,1.050279329608939
7.630094043887147,1.050279329608939
7.714733542319749,1.050279329608939
7.799373040752351,1.050279329608939
7.884012539184953,1.050279329608939
7.968652037617555,1.050279329608939
7.968652037617555,1.0
7.884012539184953,1.0
7.799373040752351,1.0
7.714733542319749,1.0
7.630094043887147,1.0
7.545454545454546,1.0
7.460815047021943,1.0
7.376175548589342,1.0
7.29153605015674,1.0
7.206896551724139,1.0
7.122257053291536,1.0
7.037617554858934,1.0
6.952978056426332,1.0
6.86833855799373,1.0
6.783699059561129,1.0
6.699059561128527,1.0
6.614420062695925,1.0
6.529780564263323,1.0
6.445141065830722,1.0
6.360501567398119,1.0
6.275862068965517,1.0
6.191222570532916,1.0
6.106583072100313,1.0
6.021943573667712,1.0
5.93730407523511,1.0
5.852664576802508,1.0
5.768025078369906,1.0
5.683385579937305,1.0
5.598746081504702,1.0
None,None
5.2037617554858935,1.653631284916201
5.175548589341693,1.7541899441340778
None,None
5.175548589341693,2.156424581005587
5.175548589341693,2.307262569832402
5.147335423197492,2.407821229050279
5.147335423197492,2.5586592178770946
5.1191222570532915,2.5586592178770946
5.1191222570532915,2.508379888268157
5.1191222570532915,2.407821229050279
5.147335423197492,2.2569832402234637
None,None
5.231974921630094,2.458100558659218
5.231974921630094,2.6089385474860336
5.2037617554858935,2.7094972067039107
5.175548589341693,2.810055865921788
5.175548589341693,2.960893854748604
5.147335423197492,3.061452513966481
5.1191222570532915,3.1620111731843576
5.090909090909091,3.2625698324022347
5.06269592476489,3.363128491620112
5.06269592476489,3.5139664804469275
5.0344827586206895,3.6145251396648046
5.006269592476489,3.7150837988826817
5.006269592476489,3.865921787709498
4.978056426332288,3.966480446927375
5.006269592476489,3.6648044692737427
5.0344827586206895,3.4636871508379885
5.090909090909091,3.1620111731843576
None,None
5.175548589341693,2.759776536312849
5.260188087774295,2.7094972067039107
5.260188087774295,2.6089385474860336
5.260188087774295,2.508379888268157
None,None
5.485893416927899,2.458100558659218
None,None
5.090909090909091,3.7150837988826817
None,None
4.808777429467085,3.815642458100559
None,None
4.470219435736677,5.072625698324023
4.498432601880877,5.324022346368715
4.6112852664576796,5.4748603351955305
None,None
4.724137931034482,5.675977653631285
4.695924764890282,5.726256983240224
4.58307210031348,5.927374301675977
4.5266457680250785,5.877094972067038
4.470219435736677,6.027932960893855
4.498432601880877,6.128491620111731
4.554858934169279,6.17877094972067
4.6112852664576796,6.229050279329609
4.6112852664576796,6.430167597765363
4.5266457680250785,6.430167597765363
4.470219435736677,6.5307262569832405
4.5266457680250785,6.681564245810057
4.6112852664576796,6.581005586592179
4.58307210031348,6.128491620111731
4.5266457680250785,6.078212290502793
4.4420062695924765,6.027932960893855
4.3573667711598745,6.027932960893855
4.3573667711598745,5.977653631284916
4.385579937304076,5.877094972067038
None,None
4.554858934169279,5.877094972067038
4.639498432601881,6.027932960893855
None,None
4.413793103448276,6.279329608938547
None,None
4.3573667711598745,6.581005586592179
4.413793103448276,6.782122905027933
4.3573667711598745,6.983240223463687
4.4420062695924765,7.083798882681564
4.498432601880877,7.234636871508379
4.470219435736677,7.335195530726257
4.413793103448276,7.385474860335195
4.3573667711598745,7.435754189944134
4.300940438871473,7.4860335195530725
4.300940438871473,7.636871508379889
4.300940438871473,7.787709497206704
4.300940438871473,7.938547486033519
4.300940438871473,8.089385474860336
4.329153605015674,8.189944134078212
4.3573667711598745,8.290502793296088
4.385579937304076,8.391061452513966
4.4420062695924765,8.441340782122905
4.498432601880877,8.491620111731844
4.498432601880877,8.441340782122905
4.4420062695924765,8.391061452513966
4.413793103448276,8.290502793296088
4.385579937304076,8.189944134078212
4.3573667711598745,8.089385474860336
4.329153605015674,7.988826815642458
4.329153605015674,7.837988826815642
4.329153605015674,7.687150837988826
4.272727272727273,7.687150837988826
4.272727272727273,7.837988826815642
4.385579937304076,7.938547486033519
4.413793103448276,8.039106145251397
4.413793103448276,7.888268156424581
4.4420062695924765,7.687150837988826
4.4420062695924765,7.636871508379889
4.470219435736677,7.5363128491620115
4.470219435736677,7.4860335195530725
4.470219435736677,7.435754189944134
4.470219435736677,7.234636871508379
4.554858934169279,7.184357541899441
4.58307210031348,7.134078212290503
4.58307210031348,7.083798882681564
4.639498432601881,7.083798882681564
4.695924764890282,6.93296089385475
4.724137931034482,6.832402234636872
4.752351097178684,6.782122905027933
4.780564263322884,6.731843575418995
4.808777429467085,6.681564245810057
4.780564263322884,6.631284916201118
4.808777429467085,6.5307262569832405
None,None
4.865203761755486,6.832402234636872
4.808777429467085,6.882681564245811
None,None
4.470219435736677,6.731843575418995
None,None
4.385579937304076,7.184357541899441
4.272727272727273,7.234636871508379
4.1880877742946705,7.234636871508379
4.131661442006269,7.284916201117318
4.075235109717868,7.335195530726257
4.0188087774294665,7.385474860335195
3.934169278996865,7.385474860335195
3.8495297805642634,7.385474860335195
3.7648902821316614,7.385474860335195
3.70846394984326,7.435754189944134
3.652037617554859,7.4860335195530725
3.6238244514106586,7.5865921787709505
3.6238244514106586,7.737430167597765
3.595611285266458,7.837988826815642
3.567398119122257,7.938547486033519
3.539184952978056,8.039106145251397
3.510971786833856,8.139664804469273
3.4827586206896552,8.240223463687151
3.454545454545454,8.34078212290503
3.3981191222570533,8.391061452513966
3.3699059561128526,8.491620111731844
3.3134796238244517,8.541899441340782
3.25705329153605,8.59217877094972
3.2288401253918493,8.59217877094972
3.1442006269592477,8.59217877094972
3.25705329153605,8.541899441340782
3.3134796238244517,8.491620111731844
3.3416927899686524,8.391061452513966
3.3981191222570533,8.34078212290503
3.426332288401254,8.240223463687151
3.454545454545454,8.139664804469273
3.454545454545454,8.089385474860336
3.510971786833856,7.988826815642458
3.539184952978056,7.938547486033519
3.539184952978056,7.837988826815642
3.539184952978056,7.787709497206704
3.567398119122257,7.687150837988826
3.595611285266458,7.636871508379889
3.567398119122257,7.5865921787709505
3.6238244514106586,7.4860335195530725
3.567398119122257,7.435754189944134
3.510971786833856,7.385474860335195
3.539184952978056,7.385474860335195
3.595611285266458,7.284916201117318
3.595611285266458,7.083798882681564
3.567398119122257,6.983240223463687
3.539184952978056,6.882681564245811
3.539184952978056,6.832402234636872
None,None
3.70846394984326,6.882681564245811
3.7648902821316614,6.93296089385475
3.8213166144200628,6.983240223463687
3.7648902821316614,6.882681564245811
None,None
3.7648902821316614,7.335195530726257
3.6802507836990594,7.385474860335195
None,None
3.793103448275862,7.335195530726257
3.877742946708464,7.335195530726257
3.9623824451410656,7.335195530726257
4.0188087774294665,7.284916201117318
4.047021943573668,7.234636871508379
4.103448275862069,7.284916201117318
4.131661442006269,7.234636871508379
4.1880877742946705,7.385474860335195
4.244514106583072,7.435754189944134
4.244514106583072,7.5865921787709505
4.272727272727273,7.5865921787709505
4.216300940438871,7.385474860335195
None,None
4.978056426332288,7.687150837988826
4.978056426332288,7.837988826815642
4.978056426332288,7.988826815642458
4.978056426332288,8.139664804469273
None,None
3.2288401253918493,7.134078212290503
3.200626959247649,7.033519553072625
3.2288401253918493,6.93296089385475
3.1442006269592477,6.93296089385475
3.200626959247649,6.882681564245811
3.1442006269592477,6.832402234636872
3.0595611285266457,6.832402234636872
3.0031347962382444,6.782122905027933
3.0595611285266457,6.731843575418995
3.115987460815047,6.782122905027933
3.031347962382445,6.882681564245811
3.031347962382445,7.033519553072625
3.031347962382445,7.184357541899441
3.0031347962382444,7.284916201117318
2.946708463949843,7.184357541899441
2.946708463949843,7.033519553072625
3.0031347962382444,6.93296089385475
3.0595611285266457,6.983240223463687
3.0031347962382444,7.083798882681564
None,None
8.025078369905955,1.0
8.081504702194358,1.050279329608939
8.16614420062696,1.050279329608939
8.25078369905956,1.050279329608939
8.335423197492164,1.050279329608939
8.420062695924765,1.050279329608939
8.504702194357368,1.050279329608939
8.589341692789969,1.050279329608939
8.67398119122257,1.050279329608939
8.75862068965517,1.050279329608939
8.843260188087775,1.050279329608939
8.786833855799372,1.0
8.702194357366771,1.0
8.61755485893417,1.0
8.532915360501567,1.0
8.448275862068964,1.0
8.363636363636363,1.0
8.278996865203762,1.0
8.19435736677116,1.0
8.109717868338558,1.0
None,None
8.871473354231975,1.0
8.927899686520377,1.050279329608939
9.012539184952978,1.050279329608939
9.09717868338558,1.050279329608939
9.181818181818182,1.050279329608939
9.12539184952978,1.0
9.04075235109718,1.0
8.956112852664576,1.0
None,None
9.210031347962381,1.0
9.266457680250785,1.050279329608939
9.351097178683386,1.050279329608939
9.435736677115987,1.050279329608939
9.52037617554859,1.050279329608939
9.60501567398119,1.050279329608939
9.689655172413794,1.050279329608939
9.774294670846395,1.050279329608939
9.858934169278998,1.050279329608939
9.943573667711599,1.050279329608939
9.971786833855798,1.150837988826816
10.0,1.251396648044693
10.0,1.402234636871508
10.0,1.553072625698324
10.0,1.70391061452514
10.0,1.854748603351955
10.0,2.005586592178771
10.0,2.156424581005587
10.0,2.307262569832402
10.0,2.458100558659218
10.0,2.6089385474860336
10.0,2.759776536312849
10.0,2.910614525139665
10.0,3.061452513966481
10.0,3.2122905027932958
10.0,3.363128491620112
10.0,3.5139664804469275
10.0,3.6648044692737427
10.0,3.815642458100559
10.0,3.966480446927375
10.0,4.117318435754189
10.0,4.268156424581006
10.0,4.418994413407821
10.0,4.569832402234637
10.0,4.720670391061453
10.0,4.871508379888269
10.0,5.022346368715084
10.0,5.173184357541899
10.0,5.324022346368715
10.0,5.4748603351955305
10.0,5.625698324022347
10.0,5.776536312849163
10.0,5.927374301675977
10.0,6.078212290502793
10.0,6.229050279329609
10.0,6.379888268156424
10.0,6.5307262569832405
10.0,6.681564245810057
10.0,6.832402234636872
10.0,6.983240223463687
10.0,7.134078212290503
10.0,7.284916201117318
10.0,7.435754189944134
10.0,7.5865921787709505
10.0,7.737430167597765
10.0,7.888268156424581
10.0,8.039106145251397
10.0,8.189944134078212
10.0,8.34078212290503
10.0,8.491620111731844
10.0,8.64245810055866
10.0,8.793296089385475
10.0,8.94413407821229
10.0,9.094972067039105
10.0,9.245810055865922
10.0,9.396648044692737
10.0,9.547486033519553
10.0,9.69832402234637
10.0,9.849162011173185
9.971786833855798,9.849162011173185
9.971786833855798,9.69832402234637
9.971786833855798,9.547486033519553
9.971786833855798,9.396648044692737
9.971786833855798,9.245810055865922
9.971786833855798,9.094972067039105
9.971786833855798,8.94413407821229
9.971786833855798,8.793296089385475
9.971786833855798,8.64245810055866
9.971786833855798,8.491620111731844
9.971786833855798,8.34078212290503
9.971786833855798,8.189944134078212
9.971786833855798,8.039106145251397
9.971786833855798,7.888268156424581
9.971786833855798,7.737430167597765
9.971786833855798,7.5865921787709505
9.971786833855798,7.435754189944134
9.971786833855798,7.284916201117318
9.971786833855798,7.134078212290503
9.971786833855798,6.93296089385475
9.971786833855798,6.782122905027933
9.971786833855798,6.631284916201118
9.971786833855798,6.480446927374302
9.971786833855798,6.229050279329609
9.971786833855798,6.078212290502793
9.971786833855798,5.927374301675977
9.971786833855798,5.776536312849163
9.971786833855798,5.625698324022347
9.971786833855798,5.4748603351955305
9.971786833855798,5.324022346368715
9.971786833855798,5.173184357541899
None,None
9.971786833855798,4.82122905027933
9.971786833855798,4.670391061452514
9.971786833855798,4.5195530726256985
9.971786833855798,4.368715083798882
9.971786833855798,4.217877094972067
9.971786833855798,4.067039106145252
9.971786833855798,3.916201117318436
9.971786833855798,3.76536312849162
9.971786833855798,3.6145251396648046
9.971786833855798,3.4636871508379885
9.971786833855798,3.312849162011173
9.971786833855798,3.1620111731843576
9.971786833855798,3.011173184357542
None,None
9.971786833855798,2.6089385474860336
9.971786833855798,2.458100558659218
9.971786833855798,2.307262569832402
9.971786833855798,2.156424581005587
9.971786833855798,2.005586592178771
9.971786833855798,1.854748603351955
9.971786833855798,1.70391061452514
9.971786833855798,1.553072625698324
9.971786833855798,1.402234636871508
10.0,1.150837988826816
10.0,1.0
9.915360501567397,1.0
9.830721003134796,1.0
9.746081504702193,1.0
9.661442006269592,1.0
9.576802507836991,1.0
9.49216300940439,1.0
9.407523510971787,1.0
9.322884012539186,1.0
